010001012017
010002012017
010003012017
010004012017
010005012017
010006012017
010007012017
010008012017
010009012017
010010012017
010011012017
010012012017
010013012017
010014012017
010015012017
010016012017
010017012017
010018012017
010019012017
010020012017
010021012017
010022012017
010023012017
010024012017
010025012017
010026012017
010027012017
010028012017
010029012017
010030012017
010031012017
010001022017
010002022017
010003022017
010004022017
010005022017
010006022017
010007022017
010008022017
010009022017
010010022017
010011022017
010012022017
010013022017
010014022017
010015022017
010016022017
010017022017
010018022017
010019022017
010020022017
010021022017
010022022017
010023022017
010024022017
010025022017
010026022017
010027022017
010028022017
010001032017
010002032017
010003032017
010004032017
010005032017
010006032017
010007032017
010008032017
010009032017
010010032017
010011032017
010012032017
010013032017
010014032017
010015032017
010016032017
010017032017
010018032017
010019032017
010020032017
010021032017
010022032017
010023032017
010024032017
010025032017
010026032017
010027032017
010028032017
010029032017
010030032017
010031032017
010001042017
010002042017
010003042017
010004042017
010005042017
010006042017
010007042017
010008042017
010009042017
010010042017
010011042017
010012042017
010013042017
010014042017
010015042017
010016042017
010017042017
010018042017
010019042017
010020042017
010021042017
010022042017
010023042017
010024042017
010025042017
010026042017
010027042017
010028042017
010029042017
010030042017
010001052017
010002052017
010003052017
010004052017
010005052017
010006052017
010007052017
010008052017
010009052017
010010052017
010011052017
010012052017
010013052017
010014052017
010015052017
010016052017
010017052017
010018052017
010019052017
010020052017
010021052017
010022052017
010023052017
010024052017
010025052017
010026052017
010027052017
010028052017
010029052017
010030052017
010031052017
010001062017
010002062017
010003062017
010004062017
010005062017
010006062017
010007062017
010008062017
010009062017
010010062017
010011062017
010012062017
010013062017
010014062017
010015062017
010016062017
010017062017
010018062017
010019062017
010020062017
010021062017
010022062017
010023062017
010024062017
010025062017
010026062017
010027062017
010028062017
010029062017
010030062017
010001072017
010002072017
010003072017
010004072017
010005072017
010006072017
010007072017
010008072017
010009072017
010010072017
010011072017
010012072017
010013072017
010014072017
010015072017
010016072017
010017072017
010018072017
010019072017
010020072017
010021072017
010022072017
010023072017
010024072017
010025072017
010026072017
010027072017
010028072017
010029072017
010030072017
010031072017
010001082017
010002082017
010003082017
010004082017
010005082017
010006082017
010007082017
010008082017
010009082017
010010082017
010011082017
010012082017
010013082017
010014082017
010015082017
010016082017
010017082017
010018082017
010019082017
010020082017
010021082017
010022082017
010023082017
010024082017
010025082017
010026082017
010027082017
010028082017
010029082017
010030082017
010031082017
010001092017
010002092017
010003092017
010004092017
010005092017
010006092017
010007092017
010008092017
010009092017
010010092017
010011092017
010012092017
010013092017
010014092017
010015092017
010016092017
010017092017
010018092017
010019092017
010020092017
010021092017
010022092017
010023092017
010024092017
010025092017
010026092017
010027092017
010028092017
010029092017
010030092017
010001102017
010002102017
010003102017
010004102017
010005102017
010006102017
010007102017
010008102017
010009102017
010010102017
010011102017
010012102017
010013102017
010014102017
010015102017
010016102017
010017102017
010018102017
010019102017
010020102017
010021102017
010022102017
010023102017
010024102017
010025102017
010026102017
010027102017
010028102017
010029102017
010030102017
010031102017
010001112017
010002112017
010003112017
010004112017
010005112017
010006112017
010007112017
010008112017
010009112017
010010112017
010011112017
010012112017
010013112017
010014112017
010015112017
010016112017
010017112017
010018112017
010019112017
010020112017
010021112017
010022112017
010023112017
010024112017
010025112017
010026112017
010027112017
010028112017
010029112017
010030112017
010001122017
010002122017
010003122017
010004122017
010005122017
010006122017
010007122017
010008122017
010009122017
010010122017
010011122017
010012122017
010013122017
010014122017
010015122017
010016122017
010017122017
010018122017
010019122017
010020122017
010021122017
010022122017
010023122017
010024122017
010025122017
010026122017
010027122017
010028122017
010029122017
010030122017
010031122017
010101012017
010102012017
010103012017
010104012017
010106012017
010107012017
010108012017
010109012017
010110012017
010111012017
010113012017
010114012017
010115012017
010116012017
010117012017
010118012017
010120012017
010121012017
010122012017
010123012017
010124012017
010125012017
010127012017
010128012017
010129012017
010130012017
010131012017
010101022017
010103022017
010104022017
010105022017
010106022017
010107022017
010108022017
010110022017
010111022017
010112022017
010113022017
010114022017
010115022017
010117022017
010118022017
010119022017
010120022017
010121022017
010122022017
010124022017
010125022017
010126022017
010127022017
010128022017
010101032017
010103032017
010104032017
010105032017
010106032017
010107032017
010108032017
010110032017
010111032017
010112032017
010113032017
010114032017
010115032017
010117032017
010118032017
010119032017
010120032017
010121032017
010122032017
010124032017
010125032017
010126032017
010127032017
010128032017
010129032017
010131032017
010101042017
010102042017
010103042017
010104042017
010105042017
010107042017
010108042017
010109042017
010110042017
010111042017
010112042017
010114042017
010115042017
010116042017
010117042017
010118042017
010119042017
010121042017
010122042017
010123042017
010124042017
010125042017
010126042017
010128042017
010129042017
010130042017
010101052017
010102052017
010103052017
010105052017
010106052017
010107052017
010108052017
010109052017
010110052017
010112052017
010113052017
010114052017
010115052017
010116052017
010117052017
010119052017
010120052017
010121052017
010122052017
010123052017
010124052017
010126052017
010127052017
010128052017
010129052017
010130052017
010131052017
010102062017
010103062017
010104062017
010105062017
010106062017
010107062017
010109062017
010110062017
010111062017
010112062017
010113062017
010114062017
010116062017
010117062017
010118062017
010119062017
010120062017
010121062017
010123062017
010124062017
010125062017
010126062017
010127062017
010128062017
010130062017
010101072017
010102072017
010103072017
010104072017
010105072017
010107072017
010108072017
010109072017
010110072017
010111072017
010112072017
010114072017
010115072017
010116072017
010117072017
010118072017
010119072017
010121072017
010122072017
010123072017
010124072017
010125072017
010126072017
010128072017
010129072017
010130072017
010131072017
010101082017
010102082017
010104082017
010105082017
010106082017
010107082017
010108082017
010109082017
010111082017
010112082017
010113082017
010114082017
010115082017
010116082017
010118082017
010119082017
010120082017
010121082017
010122082017
010123082017
010125082017
010126082017
010127082017
010128082017
010129082017
010130082017
010101092017
010102092017
010103092017
010104092017
010105092017
010106092017
010108092017
010109092017
010110092017
010111092017
010112092017
010113092017
010115092017
010116092017
010117092017
010118092017
010119092017
010120092017
010122092017
010123092017
010124092017
010125092017
010126092017
010127092017
010129092017
010130092017
010101102017
010102102017
010103102017
010104102017
010106102017
010107102017
010108102017
010109102017
010110102017
010111102017
010113102017
010114102017
010115102017
010116102017
010117102017
010118102017
010120102017
010121102017
010122102017
010123102017
010124102017
010125102017
010127102017
010128102017
010129102017
010130102017
010131102017
010101112017
010103112017
010104112017
010105112017
010106112017
010107112017
010108112017
010110112017
010111112017
010112112017
010113112017
010114112017
010115112017
010117112017
010118112017
010119112017
010120112017
010121112017
010122112017
010124112017
010125112017
010126112017
010127112017
010128112017
010129112017
010101122017
010102122017
010103122017
010104122017
010105122017
010106122017
010108122017
010109122017
010110122017
010111122017
010112122017
010113122017
010115122017
010116122017
010117122017
010118122017
010119122017
010120122017
010122122017
010123122017
010124122017
010125122017
010126122017
010127122017
010129122017
010130122017
010131122017
010201012017
010202012017
010203012017
010204012017
010205012017
010206012017
010207012017
010208012017
010209012017
010210012017
010211012017
010212012017
010213012017
010214012017
010215012017
010216012017
010217012017
010218012017
010219012017
010220012017
010221012017
010222012017
010223012017
010224012017
010225012017
010226012017
010227012017
010228012017
010229012017
010230012017
010231012017
010201022017
010202022017
010203022017
010204022017
010205022017
010206022017
010207022017
010208022017
010209022017
010210022017
010211022017
010212022017
010213022017
010214022017
010215022017
010216022017
010217022017
010218022017
010219022017
010220022017
010221022017
010222022017
010223022017
010224022017
010225022017
010226022017
010227022017
010228022017
010201032017
010202032017
010203032017
010204032017
010205032017
010206032017
010207032017
010208032017
010209032017
010210032017
010211032017
010212032017
010213032017
010214032017
010215032017
010216032017
010217032017
010218032017
010219032017
010220032017
010221032017
010222032017
010223032017
010224032017
010225032017
010226032017
010227032017
010228032017
010229032017
010230032017
010231032017
010201042017
010202042017
010203042017
010204042017
010205042017
010206042017
010207042017
010208042017
010209042017
010210042017
010211042017
010212042017
010213042017
010214042017
010215042017
010216042017
010217042017
010218042017
010219042017
010220042017
010221042017
010222042017
010223042017
010224042017
010225042017
010226042017
010227042017
010228042017
010229042017
010230042017
010201052017
010202052017
010203052017
010204052017
010205052017
010206052017
010207052017
010208052017
010209052017
010210052017
010211052017
010212052017
010213052017
010214052017
010215052017
010216052017
010217052017
010218052017
010219052017
010220052017
010221052017
010222052017
010223052017
010224052017
010225052017
010226052017
010227052017
010228052017
010229052017
010230052017
010231052017
010201062017
010202062017
010203062017
010204062017
010205062017
010206062017
010207062017
010208062017
010209062017
010210062017
010211062017
010212062017
010213062017
010214062017
010215062017
010216062017
010217062017
010218062017
010219062017
010220062017
010221062017
010222062017
010223062017
010224062017
010225062017
010226062017
010227062017
010228062017
010229062017
010230062017
010201072017
010202072017
010203072017
010204072017
010205072017
010206072017
010207072017
010208072017
010209072017
010210072017
010211072017
010212072017
010213072017
010214072017
010215072017
010216072017
010217072017
010218072017
010219072017
010220072017
010221072017
010222072017
010223072017
010224072017
010225072017
010226072017
010227072017
010228072017
010229072017
010230072017
010231072017
010201082017
010202082017
010203082017
010204082017
010205082017
010206082017
010207082017
010208082017
010209082017
010210082017
010211082017
010212082017
010213082017
010214082017
010215082017
010216082017
010217082017
010218082017
010219082017
010220082017
010221082017
010222082017
010223082017
010224082017
010225082017
010226082017
010227082017
010228082017
010229082017
010230082017
010231082017
010201092017
010202092017
010203092017
010204092017
010205092017
010206092017
010207092017
010208092017
010209092017
010210092017
010211092017
010212092017
010213092017
010214092017
010215092017
010216092017
010217092017
010218092017
010219092017
010220092017
010221092017
010222092017
010223092017
010224092017
010225092017
010226092017
010227092017
010228092017
010229092017
010230092017
010201102017
010202102017
010203102017
010204102017
010205102017
010206102017
010207102017
010208102017
010209102017
010210102017
010211102017
010212102017
010213102017
010214102017
010215102017
010216102017
010217102017
010218102017
010219102017
010220102017
010221102017
010222102017
010223102017
010224102017
010225102017
010226102017
010227102017
010228102017
010229102017
010230102017
010231102017
010201112017
010202112017
010203112017
010204112017
010205112017
010206112017
010207112017
010208112017
010209112017
010210112017
010211112017
010212112017
010213112017
010214112017
010215112017
010216112017
010217112017
010218112017
010219112017
010220112017
010221112017
010222112017
010223112017
010224112017
010225112017
010226112017
010227112017
010228112017
010229112017
010230112017
010201122017
010202122017
010203122017
010204122017
010205122017
010206122017
010207122017
010208122017
010209122017
010210122017
010211122017
010212122017
010213122017
010214122017
010215122017
010216122017
010217122017
010218122017
010219122017
010220122017
010221122017
010222122017
010223122017
010224122017
010225122017
010226122017
010227122017
010228122017
010229122017
010230122017
010231122017
010304012017
010305012017
010311012017
010312012017
010318012017
010319012017
010325012017
010326012017
010301022017
010302022017
010308022017
010309022017
010315022017
010316022017
010322022017
010323022017
010301032017
010302032017
010308032017
010309032017
010315032017
010316032017
010322032017
010323032017
010329032017
010330032017
010305042017
010306042017
010312042017
010313042017
010319042017
010320042017
010326042017
010327042017
010303052017
010304052017
010310052017
010311052017
010317052017
010318052017
010324052017
010325052017
010331052017
010301062017
010307062017
010308062017
010314062017
010315062017
010321062017
010322062017
010328062017
010329062017
010305072017
010306072017
010312072017
010313072017
010319072017
010320072017
010326072017
010327072017
010302082017
010303082017
010309082017
010310082017
010316082017
010317082017
010323082017
010324082017
010330082017
010331082017
010306092017
010307092017
010313092017
010314092017
010320092017
010321092017
010327092017
010328092017
010304102017
010305102017
010311102017
010312102017
010318102017
010319102017
010325102017
010326102017
010301112017
010302112017
010308112017
010309112017
010315112017
010316112017
010322112017
010323112017
010329112017
010330112017
010306122017
010307122017
010313122017
010314122017
010320122017
010321122017
010327122017
010328122017
010401012017
010402012017
010403012017
010406012017
010407012017
010408012017
010409012017
010410012017
010413012017
010414012017
010415012017
010416012017
010417012017
010420012017
010421012017
010422012017
010423012017
010424012017
010427012017
010428012017
010429012017
010430012017
010431012017
010403022017
010404022017
010405022017
010406022017
010407022017
010410022017
010411022017
010412022017
010413022017
010414022017
010417022017
010418022017
010419022017
010420022017
010421022017
010424022017
010425022017
010426022017
010427022017
010428022017
010403032017
010404032017
010405032017
010406032017
010407032017
010410032017
010411032017
010412032017
010413032017
010414032017
010417032017
010418032017
010419032017
010420032017
010421032017
010424032017
010425032017
010426032017
010427032017
010428032017
010431032017
010401042017
010402042017
010403042017
010404042017
010407042017
010408042017
010409042017
010410042017
010411042017
010414042017
010415042017
010416042017
010417042017
010418042017
010421042017
010422042017
010423042017
010424042017
010425042017
010428042017
010429042017
010430042017
010401052017
010402052017
010405052017
010406052017
010407052017
010408052017
010409052017
010412052017
010413052017
010414052017
010415052017
010416052017
010419052017
010420052017
010421052017
010422052017
010423052017
010426052017
010427052017
010428052017
010429052017
010430052017
010402062017
010403062017
010404062017
010405062017
010406062017
010409062017
010410062017
010411062017
010412062017
010413062017
010416062017
010417062017
010418062017
010419062017
010420062017
010423062017
010424062017
010425062017
010426062017
010427062017
010430062017
010401072017
010402072017
010403072017
010404072017
010407072017
010408072017
010409072017
010410072017
010411072017
010414072017
010415072017
010416072017
010417072017
010418072017
010421072017
010422072017
010423072017
010424072017
010425072017
010428072017
010429072017
010430072017
010431072017
010401082017
010404082017
010405082017
010406082017
010407082017
010408082017
010411082017
010412082017
010413082017
010414082017
010415082017
010418082017
010419082017
010420082017
010421082017
010422082017
010425082017
010426082017
010427082017
010428082017
010429082017
010401092017
010402092017
010403092017
010404092017
010405092017
010408092017
010409092017
010410092017
010411092017
010412092017
010415092017
010416092017
010417092017
010418092017
010419092017
010422092017
010423092017
010424092017
010425092017
010426092017
010429092017
010430092017
010401102017
010402102017
010403102017
010406102017
010407102017
010408102017
010409102017
010410102017
010413102017
010414102017
010415102017
010416102017
010417102017
010420102017
010421102017
010422102017
010423102017
010424102017
010427102017
010428102017
010429102017
010430102017
010431102017
010403112017
010404112017
010405112017
010406112017
010407112017
010410112017
010411112017
010412112017
010413112017
010414112017
010417112017
010418112017
010419112017
010420112017
010421112017
010424112017
010425112017
010426112017
010427112017
010428112017
010401122017
010402122017
010403122017
010404122017
010405122017
010408122017
010409122017
010410122017
010411122017
010412122017
010415122017
010416122017
010417122017
010418122017
010419122017
010422122017
010423122017
010424122017
010425122017
010426122017
010429122017
010430122017
010431122017
019701012017
019702012017
019703012017
019704012017
019705012017
019706012017
019707012017
019708012017
019709012017
019710012017
019711012017
019712012017
019713012017
019714012017
019715012017
019716012017
019717012017
019718012017
019719012017
019720012017
019721012017
019722012017
019723012017
019724012017
019725012017
019726012017
019727012017
019728012017
019729012017
019730012017
019731012017
019701022017
019702022017
019703022017
019704022017
019705022017
019706022017
019707022017
019708022017
019709022017
019710022017
019711022017
019712022017
019713022017
019714022017
019715022017
019716022017
019717022017
019718022017
019719022017
019720022017
019721022017
019722022017
019723022017
019724022017
019725022017
019726022017
019727022017
019728022017
019701032017
019702032017
019703032017
019704032017
019705032017
019706032017
019707032017
019708032017
019709032017
019710032017
019711032017
019712032017
019713032017
019714032017
019715032017
019716032017
019717032017
019718032017
019719032017
019720032017
019721032017
019722032017
019723032017
019724032017
019725032017
019726032017
019727032017
019728032017
019729032017
019730032017
019731032017
019701042017
019702042017
019703042017
019704042017
019705042017
019706042017
019707042017
019708042017
019709042017
019710042017
019711042017
019712042017
019713042017
019714042017
019715042017
019716042017
019717042017
019718042017
019719042017
019720042017
019721042017
019722042017
019723042017
019724042017
019725042017
019726042017
019727042017
019728042017
019729042017
019730042017
019701052017
019702052017
019703052017
019704052017
019705052017
019706052017
019707052017
019708052017
019709052017
019710052017
019711052017
019712052017
019713052017
019714052017
019715052017
019716052017
019717052017
019718052017
019719052017
019720052017
019721052017
019722052017
019723052017
019724052017
019725052017
019726052017
019727052017
019728052017
019729052017
019730052017
019731052017
019701062017
019702062017
019703062017
019704062017
019705062017
019706062017
019707062017
019708062017
019709062017
019710062017
019711062017
019712062017
019713062017
019714062017
019715062017
019716062017
019717062017
019718062017
019719062017
019720062017
019721062017
019722062017
019723062017
019724062017
019725062017
019726062017
019727062017
019728062017
019729062017
019730062017
019801072017
019802072017
019803072017
019804072017
019805072017
019806072017
019807072017
019808072017
019809072017
019810072017
019811072017
019812072017
019813072017
019814072017
019815072017
019816072017
019817072017
019818072017
019819072017
019820072017
019821072017
019822072017
019823072017
019824072017
019825072017
019826072017
019827072017
019828072017
019829072017
019830072017
019831072017
019801082017
019802082017
019803082017
019804082017
019805082017
019806082017
019807082017
019808082017
019809082017
019810082017
019811082017
019812082017
019813082017
019814082017
019815082017
019816082017
019817082017
019818082017
019819082017
019820082017
019821082017
019822082017
019823082017
019824082017
019825082017
019826082017
019827082017
019828082017
019829082017
019830082017
019831082017
019801092017
019802092017
019803092017
019804092017
019805092017
019806092017
019807092017
019808092017
019809092017
019810092017
019811092017
019812092017
019813092017
019814092017
019815092017
019816092017
019817092017
019818092017
019819092017
019820092017
019821092017
019822092017
019823092017
019824092017
019825092017
019826092017
019827092017
019828092017
019829092017
019830092017
019801102017
019802102017
019803102017
019804102017
019805102017
019806102017
019807102017
019808102017
019809102017
019810102017
019811102017
019812102017
019813102017
019814102017
019815102017
019816102017
019817102017
019818102017
019819102017
019820102017
019821102017
019822102017
019823102017
019824102017
019825102017
019826102017
019827102017
019828102017
019829102017
019830102017
019831102017
019801112017
019802112017
019803112017
019804112017
019805112017
019806112017
019807112017
019808112017
019809112017
019810112017
019811112017
019812112017
019813112017
019814112017
019815112017
019816112017
019817112017
019818112017
019819112017
019820112017
019821112017
019822112017
019823112017
019824112017
019825112017
019826112017
019827112017
019828112017
019829112017
019830112017
019801122017
019802122017
019803122017
019804122017
019805122017
019806122017
019807122017
019808122017
019809122017
019810122017
019811122017
019812122017
019813122017
019814122017
019815122017
019816122017
019817122017
019818122017
019819122017
019820122017
019821122017
019822122017
019823122017
019824122017
019825122017
019826122017
019827122017
019828122017
019829122017
019830122017
019831122017
020207012017
020214012017
020221012017
020228012017
020204022017
020211022017
020218022017
020225022017
020204032017
020211032017
020218032017
020225032017
020201042017
020208042017
020215042017
020222042017
020229042017
020206052017
020213052017
020220052017
020227052017
020203062017
020210062017
020217062017
020224062017
020201072017
020208072017
020215072017
020222072017
020229072017
020205082017
020212082017
020219082017
020226082017
020202092017
020209092017
020216092017
020223092017
020230092017
020207102017
020214102017
020221102017
020228102017
020204112017
020211112017
020218112017
020225112017
020202122017
020209122017
020216122017
020223122017
020230122017
020401012017
020402012017
020403012017
020404012017
020406012017
020407012017
020408012017
020409012017
020410012017
020411012017
020413012017
020414012017
020415012017
020416012017
020417012017
020418012017
020420012017
020421012017
020422012017
020423012017
020424012017
020425012017
020427012017
020428012017
020429012017
020430012017
020431012017
020401022017
020403022017
020404022017
020405022017
020406022017
020407022017
020408022017
020410022017
020411022017
020412022017
020413022017
020414022017
020415022017
020417022017
020418022017
020419022017
020420022017
020421022017
020422022017
020424022017
020425022017
020426022017
020427022017
020428022017
020401032017
020403032017
020404032017
020405032017
020406032017
020407032017
020408032017
020410032017
020411032017
020412032017
020413032017
020414032017
020415032017
020417032017
020418032017
020419032017
020420032017
020421032017
020422032017
020424032017
020425032017
020426032017
020427032017
020428032017
020429032017
020431032017
020401042017
020402042017
020403042017
020404042017
020405042017
020407042017
020408042017
020409042017
020410042017
020411042017
020412042017
020414042017
020415042017
020416042017
020417042017
020418042017
020419042017
020421042017
020422042017
020423042017
020424042017
020425042017
020426042017
020428042017
020429042017
020430042017
020401052017
020402052017
020403052017
020405052017
020406052017
020407052017
020408052017
020409052017
020410052017
020412052017
020413052017
020414052017
020415052017
020416052017
020417052017
020419052017
020420052017
020421052017
020422052017
020423052017
020424052017
020426052017
020427052017
020428052017
020429052017
020430052017
020431052017
020402062017
020403062017
020404062017
020405062017
020406062017
020407062017
020409062017
020410062017
020411062017
020412062017
020413062017
020414062017
020416062017
020417062017
020418062017
020419062017
020420062017
020421062017
020423062017
020424062017
020425062017
020426062017
020427062017
020428062017
020430062017
020401072017
020402072017
020403072017
020404072017
020405072017
020407072017
020408072017
020409072017
020410072017
020411072017
020412072017
020414072017
020415072017
020416072017
020417072017
020418072017
020419072017
020421072017
020422072017
020423072017
020424072017
020425072017
020426072017
020428072017
020429072017
020430072017
020431072017
020401082017
020402082017
020404082017
020405082017
020406082017
020407082017
020408082017
020409082017
020411082017
020412082017
020413082017
020414082017
020415082017
020416082017
020418082017
020419082017
020420082017
020421082017
020422082017
020423082017
020425082017
020426082017
020427082017
020428082017
020429082017
020430082017
020401092017
020402092017
020403092017
020404092017
020405092017
020406092017
020408092017
020409092017
020410092017
020411092017
020412092017
020413092017
020415092017
020416092017
020417092017
020418092017
020419092017
020420092017
020422092017
020423092017
020424092017
020425092017
020426092017
020427092017
020429092017
020430092017
020401102017
020402102017
020403102017
020404102017
020406102017
020407102017
020408102017
020409102017
020410102017
020411102017
020413102017
020414102017
020415102017
020416102017
020417102017
020418102017
020420102017
020421102017
020422102017
020423102017
020424102017
020425102017
020427102017
020428102017
020429102017
020430102017
020431102017
020401112017
020403112017
020404112017
020405112017
020406112017
020407112017
020408112017
020410112017
020411112017
020412112017
020413112017
020414112017
020415112017
020417112017
020418112017
020419112017
020420112017
020421112017
020422112017
020424112017
020425112017
020426112017
020427112017
020428112017
020429112017
020401122017
020402122017
020403122017
020404122017
020405122017
020406122017
020408122017
020409122017
020410122017
020411122017
020412122017
020413122017
020415122017
020416122017
020417122017
020418122017
020419122017
020420122017
020422122017
020423122017
020424122017
020425122017
020426122017
020427122017
020429122017
020430122017
020431122017
020904012017
020906012017
020911012017
020913012017
020918012017
020920012017
020925012017
020927012017
020901022017
020903022017
020908022017
020910022017
020915022017
020917022017
020922022017
020924022017
020901032017
020903032017
020908032017
020910032017
020915032017
020917032017
020922032017
020924032017
020929032017
020931032017
020905042017
020907042017
020912042017
020914042017
020919042017
020921042017
020926042017
020928042017
020903052017
020905052017
020910052017
020912052017
020917052017
020919052017
020924052017
020926052017
020931052017
020902062017
020907062017
020909062017
020914062017
020916062017
020921062017
020923062017
020928062017
020930062017
020905072017
020907072017
020912072017
020914072017
020919072017
020921072017
020926072017
020928072017
020902082017
020904082017
020909082017
020911082017
020916082017
020918082017
020923082017
020925082017
020930082017
020901092017
020906092017
020908092017
020913092017
020915092017
020920092017
020922092017
020927092017
020929092017
020904102017
020906102017
020911102017
020913102017
020918102017
020920102017
020925102017
020927102017
020901112017
020903112017
020908112017
020910112017
020915112017
020917112017
020922112017
020924112017
020929112017
020901122017
020906122017
020908122017
020913122017
020915122017
020920122017
020922122017
020927122017
020929122017
030301012017
030308012017
030315012017
030322012017
030329012017
030305022017
030312022017
030319022017
030326022017
030305032017
030312032017
030319032017
030326032017
030302042017
030309042017
030316042017
030323042017
030330042017
030307052017
030314052017
030321052017
030328052017
030304062017
030311062017
030318062017
030325062017
030302072017
030309072017
030316072017
030323072017
030330072017
030306082017
030313082017
030320082017
030327082017
030303092017
030310092017
030317092017
030324092017
030301102017
030308102017
030315102017
030322102017
030329102017
030305112017
030312112017
030319112017
030326112017
030303122017
030310122017
030317122017
030324122017
030331122017
030402012017
030409012017
030416012017
030423012017
030430012017
030406022017
030413022017
030420022017
030427022017
030406032017
030413032017
030420032017
030427032017
030403042017
030410042017
030417042017
030424042017
030401052017
030408052017
030415052017
030422052017
030429052017
030405062017
030412062017
030419062017
030426062017
030403072017
030410072017
030417072017
030424072017
030431072017
030407082017
030414082017
030421082017
030428082017
030404092017
030411092017
030418092017
030425092017
030402102017
030409102017
030416102017
030423102017
030430102017
030406112017
030413112017
030420112017
030427112017
030404122017
030411122017
030418122017
030425122017
030503012017
030510012017
030517012017
030524012017
030531012017
030507022017
030514022017
030521022017
030528022017
030507032017
030514032017
030521032017
030528032017
030504042017
030511042017
030518042017
030525042017
030502052017
030509052017
030516052017
030523052017
030530052017
030506062017
030513062017
030520062017
030527062017
030504072017
030511072017
030518072017
030525072017
030501082017
030508082017
030515082017
030522082017
030529082017
030505092017
030512092017
030519092017
030526092017
030503102017
030510102017
030517102017
030524102017
030531102017
030507112017
030514112017
030521112017
030528112017
030505122017
030512122017
030519122017
030526122017
030604012017
030611012017
030618012017
030625012017
030601022017
030608022017
030615022017
030622022017
030601032017
030608032017
030615032017
030622032017
030629032017
030605042017
030612042017
030619042017
030626042017
030603052017
030610052017
030617052017
030624052017
030631052017
030607062017
030614062017
030621062017
030628062017
030605072017
030612072017
030619072017
030626072017
030602082017
030609082017
030616082017
030623082017
030630082017
030606092017
030613092017
030620092017
030627092017
030604102017
030611102017
030618102017
030625102017
030601112017
030608112017
030615112017
030622112017
030629112017
030606122017
030613122017
030620122017
030627122017
030705012017
030712012017
030719012017
030726012017
030702022017
030709022017
030716022017
030723022017
030702032017
030709032017
030716032017
030723032017
030730032017
030706042017
030713042017
030720042017
030727042017
030704052017
030711052017
030718052017
030725052017
030701062017
030708062017
030715062017
030722062017
030729062017
030706072017
030713072017
030720072017
030727072017
030703082017
030710082017
030717082017
030724082017
030731082017
030707092017
030714092017
030721092017
030728092017
030705102017
030712102017
030719102017
030726102017
030702112017
030709112017
030716112017
030723112017
030730112017
030707122017
030714122017
030721122017
030728122017
030801012017
030814012017
030817012017
030831012017
030801022017
030801052017
030813052017
030807062017
030828072017
030829072017
030816092017
030823102017
030825102017
030825122017
030901012017
030905012017
030912012017
030914012017
030917012017
030919012017
030926012017
030931012017
030901022017
030902022017
030909022017
030916022017
030923022017
030902032017
030909032017
030916032017
030923032017
030930032017
030906042017
030913042017
030920042017
030927042017
030901052017
030904052017
030911052017
030913052017
030918052017
030925052017
030901062017
030907062017
030908062017
030915062017
030922062017
030929062017
030906072017
030913072017
030920072017
030927072017
030928072017
030929072017
030903082017
030910082017
030917082017
030924082017
030931082017
030907092017
030914092017
030916092017
030921092017
030928092017
030905102017
030912102017
030919102017
030923102017
030925102017
030926102017
030902112017
030909112017
030916112017
030923112017
030930112017
030907122017
030914122017
030921122017
030925122017
030928122017
031006012017
031013012017
031020012017
031027012017
031003022017
031010022017
031017022017
031024022017
031003032017
031010032017
031017032017
031024032017
031031032017
031007042017
031014042017
031021042017
031028042017
031005052017
031012052017
031019052017
031026052017
031002062017
031009062017
031016062017
031023062017
031030062017
031007072017
031014072017
031021072017
031028072017
031004082017
031011082017
031018082017
031025082017
031001092017
031008092017
031015092017
031022092017
031029092017
031006102017
031013102017
031020102017
031027102017
031003112017
031010112017
031017112017
031024112017
031001122017
031008122017
031015122017
031022122017
031029122017
031107012017
031114012017
031121012017
031128012017
031104022017
031111022017
031118022017
031125022017
031104032017
031111032017
031118032017
031125032017
031101042017
031108042017
031115042017
031122042017
031129042017
031106052017
031113052017
031120052017
031127052017
031103062017
031110062017
031117062017
031124062017
031101072017
031108072017
031115072017
031122072017
031129072017
031105082017
031112082017
031119082017
031126082017
031102092017
031109092017
031116092017
031123092017
031130092017
031107102017
031114102017
031121102017
031128102017
031104112017
031111112017
031118112017
031125112017
031102122017
031109122017
031116122017
031123122017
031130122017
031201012017
031208012017
031215012017
031222012017
031229012017
031205022017
031212022017
031219022017
031226022017
031205032017
031212032017
031219032017
031226032017
031202042017
031209042017
031216042017
031223042017
031230042017
031207052017
031214052017
031221052017
031228052017
031204062017
031211062017
031218062017
031225062017
031202072017
031209072017
031216072017
031223072017
031230072017
031206082017
031213082017
031220082017
031227082017
031203092017
031210092017
031217092017
031224092017
031201102017
031208102017
031215102017
031222102017
031229102017
031205112017
031212112017
031219112017
031226112017
031203122017
031210122017
031217122017
031224122017
031231122017
031302012017
031309012017
031316012017
031323012017
031330012017
031306022017
031313022017
031320022017
031327022017
031306032017
031313032017
031320032017
031327032017
031303042017
031310042017
031317042017
031324042017
031301052017
031308052017
031315052017
031322052017
031329052017
031305062017
031312062017
031319062017
031326062017
031303072017
031310072017
031317072017
031324072017
031331072017
031307082017
031314082017
031321082017
031328082017
031304092017
031311092017
031318092017
031325092017
031302102017
031309102017
031316102017
031323102017
031330102017
031306112017
031313112017
031320112017
031327112017
031304122017
031311122017
031318122017
031325122017
031403012017
031410012017
031417012017
031424012017
031431012017
031407022017
031414022017
031421022017
031428022017
031407032017
031414032017
031421032017
031428032017
031404042017
031411042017
031418042017
031425042017
031402052017
031409052017
031416052017
031423052017
031430052017
031406062017
031413062017
031420062017
031427062017
031404072017
031411072017
031418072017
031425072017
031401082017
031408082017
031415082017
031422082017
031429082017
031405092017
031412092017
031419092017
031426092017
031403102017
031410102017
031417102017
031424102017
031431102017
031407112017
031414112017
031421112017
031428112017
031405122017
031412122017
031419122017
031426122017
031504012017
031511012017
031518012017
031525012017
031501022017
031508022017
031515022017
031522022017
031501032017
031508032017
031515032017
031522032017
031529032017
031505042017
031512042017
031519042017
031526042017
031503052017
031510052017
031517052017
031524052017
031531052017
031507062017
031514062017
031521062017
031528062017
031505072017
031512072017
031519072017
031526072017
031502082017
031509082017
031516082017
031523082017
031530082017
031506092017
031513092017
031520092017
031527092017
031504102017
031511102017
031518102017
031525102017
031501112017
031508112017
031515112017
031522112017
031529112017
031506122017
031513122017
031520122017
031527122017
031605012017
031612012017
031619012017
031626012017
031602022017
031609022017
031616022017
031623022017
031602032017
031609032017
031616032017
031623032017
031630032017
031606042017
031613042017
031620042017
031627042017
031604052017
031611052017
031618052017
031625052017
031601062017
031608062017
031615062017
031622062017
031629062017
031606072017
031613072017
031620072017
031627072017
031603082017
031610082017
031617082017
031624082017
031631082017
031607092017
031614092017
031621092017
031628092017
031605102017
031612102017
031619102017
031626102017
031602112017
031609112017
031616112017
031623112017
031630112017
031607122017
031614122017
031621122017
031628122017
031706012017
031713012017
031720012017
031727012017
031703022017
031710022017
031717022017
031724022017
031703032017
031710032017
031717032017
031724032017
031731032017
031707042017
031714042017
031721042017
031728042017
031705052017
031712052017
031719052017
031726052017
031702062017
031709062017
031716062017
031723062017
031730062017
031707072017
031714072017
031721072017
031728072017
031704082017
031711082017
031718082017
031725082017
031701092017
031708092017
031715092017
031722092017
031729092017
031706102017
031713102017
031720102017
031727102017
031703112017
031710112017
031717112017
031724112017
031701122017
031708122017
031715122017
031722122017
031729122017
