00000010653600    2100
00100010653500    2100
00200010653400    2100
00300010653100    2100
00400010653000    2110
00500010652900    2110
00600010652800    2110
00700010619201    2110
00800010619200    2121
0090001061910021302200
01000010619000    2206
01100010618900    2206
01200010618800    2206
01300010649800    2215
01400010649805    2215
01500010618700    2215
01600010618600    2228
01700010618500    2240
01800010618105    2240
01900010618104    2240
02000010618100    2252
02100010617800    2312
02200010617700    2312
0230001061730023300045
02400010616600    0045
02500010616500    0045
02600010616400    0045
02700010616300    0045
02800010616200    0045
02900010616100    0108
03000010615400    0108
03100010615200    0129
03200010614600    0139
03300010614500    0139
03400010614200    0139
03500010614100    0149
03600010612900    0207
03700010612800    0207
03800010611600    0224
03900010611500    0224
04000010611400    0224
04100010610900    0238
04200010610200    0238
0430001060970002500300
04400010609400    0310
04500010609000    0320
04600010609005    0320
04700010608600    0336
04800010608400    0336
04900010608000    0355
05000010608005    0355
05100010607300    0410
05200010607000    0410
05300010606300    0437
05400010605700    0450
05500010605705    0450
05600010605400    0450
05700010604700    0519
05800010604500    0529
05900010603800    0529
06000010603300    0554
06100010602600    0611
06200010601900    0628
06300010601700    0638
06400010601000    0650
06500010640500    0708
06600010640900    0716
06700010641400    0726
06800010641900    0736
06900010642400    0745
07000010642405    0748
07100010642700    0753
07200010643100    0800
0730001064350008080838
07400010644000    0848
07500010644400    0904
07600010645600    0920
07700010645800    0929
07800010646300    0939
0790001064730009551255
08000010691000    1345
08100010691100    1459
08200010691400    1544
08300010691500    1631
08400010691600    1810
08500010691700    1845
08600010691900    1920
08700010692000    2005
08800010692200    2120
08900010692400    2250
09000010692500    0020
09100010692600    0142
09200010692800    0237
09300010693000    0345
09400010693500    0405
09500010693700    0425
09600010693800    0512
09700010693900    0532
098000106940000557
00000010794000    2120
00100010793900    2150
00200010793800    2215
00300010793700    2240
00400010793500    2300
00500010793000    2335
00600010792800    0018
00700010792600    0115
00800010792500    0230
00900010792400    0340
01000010792200    0519
01100010792000    0608
01200010791900    0658
01300010791700    0748
01400010791600    0842
01500010791500    1021
01600010791400    1109
01700010791100    1149
01800010791000    1315
0190001074730014001700
02000010746300    1717
02100010745800    1734
02200010745600    1802
02300010744400    1802
02400010744000    1818
02500010743500    1832
02600010743100    1832
02700010742700    1832
02800010742405    1832
02900010742400    1855
03000010741900    1855
03100010741400    1915
03200010740900    1915
03300010740500    1935
03400010701000    1953
03500010701700    2009
03600010701900    2019
03700010702600    2035
03800010703300    2049
03900010703800    2049
04000010704500    2111
04100010704700    2120
04200010705400    2120
04300010705705    2120
04400010705700    2146
04500010706300    2158
04600010707000    2158
04700010707300    2222
04800010708005    2222
04900010708000    2239
05000010708400    2239
05100010708600    2300
05200010709005    2306
05300010709000    2318
05400010709400    2336
0550001070970023472357
05600010710200    2357
05700010710900    0023
05800010711400    0023
05900010711500    0023
06000010711600    0042
06100010712800    0042
06200010712900    0103
06300010714100    0124
06400010714200    0124
06500010714500    0124
06600010714600    0140
06700010715200    0156
06800010715400    0156
06900010716100    0218
07000010716200    0218
07100010716300    0218
07200010716400    0218
07300010716500    0218
07400010716600    0218
07500010717300    0248
07600010717700    0248
07700010717800    0306
07800010718100    0326
07900010718104    0326
08000010718105    0326
08100010718500    0338
08200010718600    0352
08300010718700    0352
08400010749805    0400
08500010749800    0400
08600010718800    0400
08700010718900    0400
08800010719000    0417
0890001071910004250445
09000010719200    0457
09100010719201    0457
09200010752800    0457
09300010752900    0457
09400010753000    0509
09500010753100    0509
09600010753400    0509
09700010753500    0509
098000107536000520
